#include "utils.h"

using namespace cv;


// 1 of 14
unsigned char Space[234] = { 
    255, 254, 255, 255, 254, 254, 255, 255, 255, 254, 255, 254, 254,
    255, 255, 255, 255, 255, 255, 255, 255, 255, 255, 255, 255, 255,
    254, 255, 254, 254, 255, 255, 254, 254, 254, 255, 255, 254, 255,
    254, 255, 254, 255, 255, 255, 255, 255, 254, 255, 254, 255, 255,
    255, 255, 255, 255, 254, 255, 255, 254, 255, 255, 255, 255, 255,
    254, 255, 255, 254, 254, 255, 255, 254, 255, 254, 254, 254, 255,
    254, 255, 255, 255, 255, 255, 255, 254, 255, 254, 255, 255, 255,
    255, 255, 255, 255, 254, 255, 255, 255, 254, 255, 255, 255, 254,
    255, 254, 255, 255, 254, 255, 254, 255, 254, 254, 254, 255, 255,
    255, 254, 254, 255, 255, 254, 255, 255, 255, 255, 255, 254, 254,
    255, 255, 255, 255, 254, 254, 255, 254, 254, 254, 255, 255, 255,
    255, 255, 254, 254, 255, 254, 255, 255, 255, 254, 255, 254, 254,
    255, 255, 255, 255, 255, 254, 255, 255, 255, 255, 255, 254, 255,
    255, 255, 255, 255, 255, 255, 255, 254, 255, 255, 254, 255, 254,
    254, 255, 255, 255, 255, 254, 255, 254, 254, 254, 255, 255, 255,
    255, 254, 255, 255, 255, 255, 255, 254, 255, 254, 255, 254, 255,
    254, 255, 254, 255, 255, 255, 255, 254, 255, 255, 255, 254, 255,
    255, 254, 255, 255, 254, 255, 254, 255, 255, 255, 255, 255, 255
};

// 2 of 14
unsigned char Period[234] = {
    255, 254, 255, 254, 255, 255, 255, 255, 254, 255, 255, 254, 255,
    254, 255, 255, 254, 255, 255, 255, 254, 255, 255, 255, 255, 254,
    254, 255, 254, 254, 255, 255, 254, 255, 255, 255, 255, 254, 255,
    254, 254, 255, 255, 254, 255, 254, 254, 255, 255, 254, 255, 254,
    255, 255, 255, 255, 255, 255, 255, 255, 254, 255, 255, 255, 254,
    255, 254, 255, 255, 254, 255, 255, 255, 254, 255, 255, 255, 255,
    255, 254, 254, 255, 255, 255, 254, 254, 255, 255, 254, 255, 255,
    255, 255, 255, 255, 255, 254, 255, 255, 255, 254, 255, 255, 254,
    255, 254, 255, 254, 255, 255, 254, 254, 255, 255, 254, 254, 255,
    254, 255, 255, 254, 254, 255, 254, 254, 254, 255, 255, 255, 255,
    255, 254, 254, 255, 255, 139, 83, 84, 150, 254, 254, 255, 254,
    255, 255, 254, 255, 254, 79, 0, 0, 97, 255, 255, 254, 254,
    255, 255, 255, 255, 254, 80, 0, 0, 97, 255, 255, 254, 255,
    255, 254, 254, 255, 255, 81, 0, 0, 98, 254, 255, 255, 255,
    255, 255, 254, 255, 255, 254, 254, 255, 255, 255, 254, 255, 254,
    255, 255, 254, 255, 254, 255, 254, 255, 254, 255, 254, 255, 255,
    254, 254, 255, 255, 255, 255, 254, 255, 254, 254, 255, 254, 254,
    254, 255, 254, 254, 255, 255, 255, 255, 255, 255, 255, 255, 254
};

// 3 of 14
unsigned char Comma[234] = {
    255, 255, 254, 255, 255, 255, 254, 255, 254, 254, 255, 255, 254,
    255, 254, 255, 254, 255, 255, 254, 255, 254, 255, 255, 255, 255,
    254, 255, 254, 255, 254, 255, 255, 255, 255, 255, 254, 255, 255,
    255, 255, 254, 254, 255, 255, 254, 255, 255, 254, 254, 255, 255,
    255, 255, 255, 255, 255, 255, 254, 255, 255, 255, 255, 255, 255,
    254, 255, 255, 254, 255, 255, 255, 255, 255, 255, 254, 255, 255,
    255, 255, 254, 255, 255, 255, 255, 254, 255, 255, 254, 255, 254,
    254, 254, 255, 254, 254, 255, 255, 254, 254, 255, 255, 254, 255,
    255, 255, 255, 255, 255, 254, 255, 255, 255, 255, 254, 254, 255,
    254, 255, 254, 255, 254, 240, 178, 178, 199, 254, 255, 254, 255,
    255, 254, 254, 255, 255, 199, 0, 0, 68, 255, 255, 254, 255,
    255, 254, 255, 254, 254, 198, 0, 0, 67, 255, 255, 255, 255,
    255, 255, 255, 255, 255, 163, 0, 0, 115, 255, 255, 254, 255,
    254, 255, 254, 254, 255, 97, 0, 10, 234, 255, 255, 255, 255,
    254, 255, 255, 255, 255, 32, 0, 121, 254, 255, 255, 255, 255,
    255, 254, 254, 255, 232, 12, 25, 237, 255, 255, 254, 255, 254,
    255, 255, 254, 255, 255, 255, 255, 254, 255, 254, 255, 255, 255,
    255, 255, 255, 255, 255, 255, 255, 255, 255, 254, 255, 254, 254
};

// 4 of 14
unsigned char Under[234] = {
    255, 255, 254, 255, 255, 255, 255, 255, 255, 254, 255, 254, 254,
    255, 255, 254, 255, 254, 254, 254, 255, 255, 255, 254, 255, 255,
    255, 255, 254, 255, 254, 255, 255, 255, 254, 255, 254, 255, 254,
    255, 255, 255, 254, 255, 255, 255, 254, 254, 255, 255, 255, 254,
    255, 254, 255, 254, 254, 254, 255, 255, 255, 255, 254, 255, 255,
    254, 255, 255, 255, 255, 255, 254, 254, 255, 255, 255, 255, 254,
    254, 255, 254, 254, 254, 255, 255, 255, 255, 255, 254, 254, 255,
    254, 255, 255, 255, 254, 255, 254, 254, 255, 255, 254, 255, 254,
    254, 255, 255, 255, 255, 255, 254, 255, 255, 254, 254, 255, 255,
    255, 255, 254, 255, 255, 254, 255, 254, 254, 255, 255, 255, 255,
    254, 255, 254, 254, 254, 255, 255, 255, 255, 255, 254, 255, 254,
    255, 255, 254, 255, 254, 255, 254, 255, 255, 255, 254, 255, 255,
    255, 172, 116, 117, 117, 117, 116, 117, 116, 116, 116, 117, 206,
    255, 100, 0, 0, 0, 0, 0, 0, 0, 0, 0, 0, 162,
    255, 231, 214, 214, 213, 214, 214, 214, 214, 214, 213, 213, 242,
    254, 254, 254, 255, 255, 255, 254, 255, 254, 255, 255, 255, 255,
    254, 255, 255, 255, 255, 254, 255, 255, 254, 254, 254, 255, 255,
    255, 255, 255, 255, 255, 255, 254, 255, 255, 255, 255, 255, 255
};

// 5 of 14
unsigned char Plus[234] = {
    255, 254, 254, 254, 255, 254, 254, 255, 255, 254, 255, 255, 255,
    255, 254, 255, 254, 255, 255, 255, 255, 254, 255, 255, 254, 255,
    254, 255, 255, 254, 255, 255, 255, 254, 255, 255, 255, 255, 254,
    254, 255, 254, 254, 255, 255, 254, 255, 255, 255, 255, 254, 255,
    254, 254, 255, 255, 254, 240, 187, 226, 255, 255, 254, 255, 254,
    255, 255, 255, 255, 255, 191, 0, 145, 254, 255, 255, 255, 254,
    255, 254, 255, 255, 254, 191, 0, 145, 254, 255, 255, 255, 255,
    255, 254, 254, 255, 255, 191, 0, 144, 255, 255, 254, 255, 255,
    255, 237, 131, 130, 131, 95, 0, 72, 131, 130, 130, 214, 254,
    255, 215, 0, 0, 0, 0, 0, 0, 0, 0, 0, 167, 255,
    254, 251, 216, 215, 216, 159, 0, 120, 215, 216, 216, 243, 255,
    255, 254, 254, 255, 255, 191, 0, 145, 254, 254, 254, 255, 254,
    255, 255, 254, 255, 254, 190, 0, 145, 255, 255, 255, 254, 254,
    255, 255, 255, 255, 254, 197, 17, 153, 255, 255, 255, 254, 255,
    255, 254, 254, 255, 255, 255, 255, 255, 254, 254, 255, 255, 255,
    255, 255, 254, 255, 255, 254, 254, 255, 255, 255, 254, 255, 254,
    255, 255, 254, 255, 254, 255, 254, 255, 254, 255, 254, 255, 255,
    254, 254, 255, 255, 255, 255, 254, 255, 254, 254, 255, 254, 254
};

// 6 of 15
unsigned char Equal[234] ={
    255, 254, 255, 254, 254, 255, 255, 255, 255, 255, 255, 255, 255,
    255, 255, 254, 255, 255, 255, 254, 255, 254, 254, 255, 255, 254,
    255, 254, 255, 254, 255, 255, 254, 255, 254, 255, 255, 255, 255,
    254, 255, 254, 255, 254, 255, 255, 255, 255, 255, 254, 255, 255,
    255, 255, 254, 254, 255, 255, 254, 255, 255, 254, 254, 255, 255,
    255, 215, 128, 128, 128, 128, 127, 128, 128, 128, 128, 235, 255,
    254, 170, 0, 0, 0, 0, 0, 0, 0, 0, 0, 212, 255,
    255, 245, 218, 219, 219, 219, 219, 218, 219, 219, 218, 251, 254,
    254, 254, 255, 254, 254, 255, 255, 254, 254, 255, 255, 254, 255,
    255, 216, 131, 131, 131, 131, 130, 131, 131, 131, 130, 235, 255,
    254, 170, 0, 0, 0, 0, 0, 0, 0, 0, 0, 211, 255,
    255, 243, 216, 216, 216, 216, 216, 216, 216, 216, 216, 249, 255,
    255, 254, 255, 254, 254, 255, 255, 255, 255, 255, 255, 255, 255,
    255, 255, 255, 255, 255, 255, 254, 255, 255, 255, 255, 254, 255,
    254, 255, 254, 254, 255, 254, 255, 254, 255, 255, 255, 255, 255,
    254, 255, 255, 255, 255, 254, 254, 255, 254, 255, 255, 255, 255,
    255, 254, 254, 255, 254, 255, 255, 254, 255, 255, 254, 255, 254,
    255, 255, 254, 255, 255, 255, 255, 254, 255, 254, 255, 255, 255 
};

// 7 of 14
unsigned char Zed[234] ={
255, 255, 255, 255, 255, 255, 255, 255, 255, 255, 254, 255, 255,
255, 255, 254, 254, 254, 255, 255, 254, 255, 254, 255, 255, 254,
255, 255, 255, 255, 254, 255, 254, 255, 255, 254, 255, 255, 254,
254, 255, 255, 254, 255, 255, 255, 255, 255, 255, 254, 255, 254,
254, 255, 255, 133, 55, 54, 54, 54, 55, 55, 107, 254, 255,
255, 255, 255, 151, 84, 83, 84, 84, 37, 0, 67, 254, 255,
254, 255, 255, 255, 254, 255, 255, 225, 22, 5, 196, 255, 255,
254, 255, 254, 255, 254, 254, 244, 50, 0, 157, 255, 254, 255,
255, 254, 255, 255, 255, 254, 85, 0, 112, 255, 255, 255, 255,
254, 254, 255, 254, 254, 129, 0, 71, 252, 255, 255, 254, 254,
255, 254, 255, 255, 173, 1, 39, 239, 254, 255, 255, 254, 255,
255, 254, 255, 208, 11, 16, 218, 254, 255, 255, 254, 254, 255,
255, 255, 255, 56, 0, 60, 125, 126, 125, 126, 160, 255, 255,
255, 254, 255, 46, 0, 0, 0, 0, 0, 0, 66, 254, 255,
255, 255, 255, 254, 255, 254, 255, 254, 255, 255, 255, 254, 255,
255, 255, 255, 254, 255, 255, 255, 254, 255, 255, 255, 254, 255,
254, 255, 254, 255, 255, 255, 255, 255, 255, 255, 254, 255, 254,
255, 255, 255, 255, 255, 254, 255, 254, 254, 255, 255, 254, 254  
};

// 8 of 14
unsigned char Star[234] ={
255, 255, 254, 255, 254, 255, 255, 255, 255, 254, 255, 255, 254,
255, 254, 255, 255, 254, 255, 255, 255, 254, 255, 255, 255, 255,
255, 254, 255, 254, 254, 255, 255, 254, 255, 255, 255, 255, 254,
255, 254, 254, 255, 255, 217, 119, 232, 254, 255, 255, 254, 255,
254, 255, 255, 255, 255, 182, 0, 210, 255, 254, 255, 255, 255,
254, 226, 119, 241, 255, 181, 0, 210, 255, 232, 113, 241, 255,
255, 160, 3, 22, 157, 180, 0, 204, 140, 15, 9, 183, 255,
254, 255, 220, 91, 2, 16, 0, 17, 5, 105, 229, 255, 255,
255, 255, 254, 255, 166, 0, 0, 1, 188, 255, 255, 254, 254,
254, 254, 221, 92, 1, 17, 0, 16, 4, 105, 230, 255, 255,
254, 161, 5, 22, 158, 180, 0, 204, 141, 14, 9, 183, 255,
254, 226, 121, 240, 255, 181, 0, 210, 255, 233, 114, 241, 254,
255, 255, 255, 255, 255, 181, 0, 209, 254, 255, 255, 255, 254,
254, 255, 254, 254, 255, 217, 119, 233, 255, 254, 254, 255, 255,
254, 255, 255, 254, 255, 255, 254, 254, 255, 255, 255, 254, 255,
254, 255, 255, 254, 255, 254, 255, 254, 255, 254, 255, 254, 255,
255, 254, 254, 255, 255, 255, 255, 254, 255, 254, 254, 255, 254,
254, 254, 255, 254, 254, 255, 255, 255, 255, 255, 255, 255, 255
};

// 9 of 14
unsigned char Perc[234] ={
254, 255, 255, 255, 255, 255, 255, 255, 254, 255, 255, 254, 254,
255, 255, 254, 255, 254, 254, 255, 255, 255, 255, 255, 255, 255,
255, 255, 235, 159, 153, 223, 255, 254, 255, 254, 254, 255, 255,
255, 217, 20, 0, 0, 9, 184, 254, 255, 254, 255, 255, 255,
255, 89, 13, 202, 221, 42, 42, 255, 255, 255, 255, 254, 255,
255, 58, 64, 254, 254, 116, 6, 254, 255, 255, 254, 254, 255,
255, 108, 5, 152, 167, 25, 59, 254, 255, 219, 120, 177, 255,
255, 237, 93, 9, 1, 75, 205, 161, 63, 0, 31, 159, 255,
254, 255, 255, 238, 177, 104, 15, 7, 86, 186, 253, 254, 255,
255, 236, 146, 47, 0, 46, 146, 179, 104, 117, 224, 255, 254,
255, 89, 16, 106, 204, 255, 97, 0, 39, 8, 16, 223, 254,
254, 231, 247, 254, 255, 237, 0, 114, 255, 223, 3, 119, 254,
255, 255, 254, 254, 255, 237, 5, 145, 255, 248, 16, 103, 254,
255, 255, 254, 255, 254, 254, 86, 20, 117, 64, 0, 182, 255,
254, 255, 255, 255, 255, 255, 223, 68, 9, 32, 153, 255, 254,
255, 254, 255, 254, 254, 255, 254, 255, 254, 255, 255, 255, 255,
255, 254, 255, 255, 255, 255, 254, 254, 255, 254, 255, 255, 255,
254, 255, 254, 254, 255, 254, 255, 255, 254, 255, 255, 254, 255  
};

// 10 of 14
unsigned char Amp[234] ={
255, 255, 254, 255, 255, 255, 255, 255, 255, 255, 255, 254, 254,
254, 254, 255, 255, 255, 254, 255, 254, 254, 254, 254, 254, 255,
255, 255, 255, 255, 238, 200, 203, 242, 255, 255, 254, 255, 255,
255, 255, 254, 130, 5, 0, 0, 3, 192, 254, 255, 255, 254,
255, 255, 217, 3, 27, 131, 150, 75, 187, 254, 255, 255, 254,
254, 255, 127, 0, 157, 255, 255, 255, 255, 255, 254, 255, 254,
254, 255, 152, 0, 132, 254, 254, 254, 255, 255, 255, 254, 255,
255, 255, 233, 11, 14, 226, 255, 255, 255, 254, 255, 254, 255,
254, 255, 195, 10, 0, 64, 252, 255, 254, 254, 255, 255, 255,
254, 199, 12, 39, 73, 0, 119, 255, 255, 169, 76, 229, 255,
255, 80, 4, 224, 241, 37, 1, 177, 254, 127, 0, 240, 255,
249, 12, 57, 254, 254, 209, 9, 17, 222, 98, 18, 254, 254,
243, 0, 51, 255, 255, 254, 157, 0, 45, 15, 84, 254, 255,
255, 40, 0, 180, 255, 255, 255, 92, 0, 1, 216, 254, 255,
255, 183, 1, 4, 108, 163, 134, 30, 0, 0, 164, 255, 255,
255, 254, 178, 29, 0, 0, 0, 54, 165, 11, 11, 221, 255,
255, 255, 255, 254, 224, 197, 235, 254, 255, 255, 255, 254, 255,
255, 255, 255, 254, 255, 255, 255, 254, 255, 255, 255, 254, 255,  
};

// 11 of 14
unsigned char Zero[234] ={
254, 254, 255, 254, 254, 254, 255, 254, 254, 255, 255, 254, 255,
254, 255, 255, 254, 255, 244, 214, 250, 255, 255, 254, 255, 255,
255, 255, 254, 242, 75, 4, 0, 10, 103, 251, 255, 255, 255,
255, 255, 254, 58, 0, 55, 119, 39, 0, 100, 255, 255, 255,
254, 255, 191, 0, 44, 247, 254, 214, 0, 3, 230, 255, 254,
255, 254, 99, 0, 141, 255, 255, 95, 0, 0, 141, 255, 255,
255, 254, 63, 0, 201, 255, 184, 0, 26, 0, 104, 255, 255,
255, 255, 39, 0, 220, 244, 31, 36, 168, 0, 80, 255, 254,
255, 254, 20, 0, 234, 110, 1, 193, 192, 0, 62, 254, 255,
255, 255, 36, 0, 162, 1, 108, 255, 180, 0, 78, 255, 254,
255, 254, 59, 0, 7, 32, 244, 255, 161, 0, 101, 255, 255,
255, 254, 94, 0, 0, 189, 255, 255, 105, 0, 135, 254, 254,
254, 254, 184, 0, 28, 249, 254, 236, 25, 2, 225, 255, 255,
255, 255, 253, 47, 0, 66, 134, 51, 0, 87, 255, 255, 255,
255, 254, 255, 235, 60, 1, 0, 4, 89, 249, 254, 254, 255,
255, 254, 255, 255, 254, 237, 200, 243, 254, 255, 255, 255, 254,
255, 254, 255, 255, 254, 255, 254, 255, 254, 255, 254, 255, 254,
254, 255, 254, 254, 255, 255, 255, 255, 254, 255, 254, 254, 255,
};

// 12 of 14
unsigned char At[234] ={
254, 255, 255, 254, 255, 254, 254, 255, 255, 255, 255, 255, 255,
255, 255, 255, 255, 254, 255, 250, 229, 253, 255, 254, 254, 255,
255, 255, 255, 253, 141, 51, 6, 0, 12, 111, 244, 255, 255,
255, 255, 241, 78, 0, 64, 132, 160, 89, 0, 85, 255, 254,
254, 255, 112, 1, 135, 254, 255, 255, 254, 87, 0, 208, 254,
254, 223, 6, 90, 255, 255, 199, 135, 148, 154, 0, 160, 255,
255, 129, 0, 215, 255, 135, 1, 0, 0, 17, 0, 138, 254,
255, 91, 28, 255, 217, 4, 51, 203, 215, 67, 0, 138, 254,
255, 56, 60, 254, 157, 0, 163, 255, 255, 191, 0, 138, 255,
254, 42, 73, 255, 141, 0, 197, 254, 255, 225, 0, 138, 254,
254, 77, 38, 255, 181, 0, 118, 255, 255, 146, 0, 137, 255,
255, 117, 5, 245, 252, 46, 0, 68, 79, 1, 0, 138, 255,
255, 177, 0, 132, 255, 230, 82, 17, 30, 128, 45, 159, 255,
254, 254, 62, 13, 219, 255, 255, 255, 254, 255, 255, 255, 255,
255, 255, 207, 9, 14, 168, 254, 254, 255, 254, 255, 255, 255,
254, 255, 254, 212, 45, 0, 12, 59, 93, 103, 109, 255, 255,
254, 254, 255, 254, 246, 161, 110, 62, 34, 24, 44, 255, 254,
255, 255, 255, 255, 254, 255, 255, 255, 255, 254, 255, 254, 255
};

// 13 of 14
unsigned char Pound[234] ={
255, 255, 255, 255, 254, 255, 255, 255, 255, 255, 255, 255, 255,
255, 255, 254, 254, 255, 255, 255, 254, 255, 254, 254, 254, 254,
255, 255, 255, 255, 255, 255, 255, 255, 255, 255, 255, 255, 254,
254, 254, 255, 255, 254, 236, 63, 149, 255, 152, 62, 232, 255,
254, 255, 255, 255, 255, 173, 0, 167, 254, 61, 23, 254, 255,
255, 255, 254, 255, 255, 106, 0, 232, 244, 6, 89, 255, 254,
255, 254, 177, 79, 79, 18, 2, 78, 63, 0, 37, 79, 163,
255, 255, 162, 47, 34, 0, 24, 46, 13, 0, 45, 46, 146,
255, 255, 254, 255, 166, 0, 172, 255, 55, 29, 254, 254, 255,
255, 255, 254, 255, 101, 1, 236, 241, 3, 95, 255, 255, 255,
254, 250, 245, 245, 36, 44, 245, 175, 0, 151, 244, 252, 255,
255, 106, 0, 0, 0, 0, 0, 0, 0, 0, 0, 155, 255,
254, 186, 136, 71, 0, 105, 136, 13, 29, 135, 135, 210, 255,
255, 255, 255, 91, 5, 244, 235, 1, 105, 254, 255, 255, 254,
255, 255, 255, 26, 60, 254, 169, 0, 170, 255, 254, 254, 255,
255, 255, 219, 0, 127, 254, 106, 0, 235, 255, 255, 255, 255,
255, 255, 255, 255, 255, 254, 255, 254, 255, 254, 255, 255, 255,
254, 255, 255, 255, 255, 254, 255, 255, 255, 254, 255, 255, 255
};

// 14 of 14
unsigned char W[234] ={
    254, 255, 255, 255, 255, 255, 254, 254, 255, 255, 255, 255, 254,
    254, 255, 254, 254, 254, 255, 255, 255, 255, 255, 254, 254, 255,
    254, 254, 254, 255, 254, 255, 254, 254, 255, 255, 254, 254, 254,
    242, 0, 26, 255, 255, 255, 254, 255, 255, 238, 0, 30, 255,
    255, 24, 1, 249, 255, 254, 255, 254, 254, 209, 0, 65, 255,
    254, 63, 0, 219, 254, 255, 255, 255, 255, 178, 0, 105, 254,
    255, 102, 0, 189, 254, 178, 139, 198, 255, 147, 0, 144, 255,
    255, 140, 0, 158, 255, 43, 0, 89, 255, 115, 0, 183, 255,
    255, 179, 0, 127, 241, 2, 0, 32, 255, 84, 0, 221, 254,
    255, 220, 0, 96, 186, 0, 76, 0, 232, 54, 7, 252, 255,
    254, 251, 5, 65, 131, 3, 191, 0, 174, 24, 44, 255, 255,
    254, 255, 42, 34, 75, 50, 252, 12, 109, 0, 83, 255, 255,
    255, 255, 81, 5, 17, 111, 254, 69, 25, 0, 123, 255, 255,
    254, 254, 120, 0, 0, 170, 255, 128, 0, 0, 162, 254, 254,
    255, 255, 158, 0, 0, 230, 255, 189, 0, 0, 201, 254, 255,
    254, 255, 198, 0, 35, 255, 254, 243, 4, 0, 240, 254, 255,
    255, 255, 254, 255, 255, 255, 254, 255, 254, 254, 255, 254, 255,
    254, 255, 255, 254, 254, 254, 255, 255, 255, 255, 255, 255, 255
};